60
0 1 0 0 -1 1 50 -1
1 1 0 0 -1 2 51 0
2 1 0 0 -1 3 52 1
3 1 0 0 -1 4 53 2
4 1 0 0 -1 5 54 3
5 1 0 0 -1 6 55 4
6 1 0 0 -1 7 56 5
7 1 0 0 -1 8 57 6
8 1 0 0 -1 9 58 7
9 1 0 0 -1 10 59 8
10 1 0 0 -1 11 60 9
11 1 0 0 -1 12 61 10
12 1 0 0 -1 13 62 11
13 1 0 0 -1 14 63 12
14 1 0 0 -1 15 64 13
15 1 0 0 -1 16 65 14
16 1 0 0 -1 17 66 15
17 1 0 0 -1 18 67 16
18 1 0 0 -1 19 68 17
19 1 0 0 -1 20 69 18
20 1 0 0 -1 21 70 19
21 1 0 0 -1 22 71 20
22 1 0 0 -1 23 72 21
23 1 0 0 -1 24 73 22
24 1 0 0 -1 25 74 23
25 1 0 0 -1 26 75 24
26 1 0 0 -1 27 76 25
27 1 0 0 -1 28 77 26
28 1 0 0 -1 29 78 27
29 1 0 0 -1 30 79 28
30 1 0 0 -1 31 80 29
31 1 0 0 -1 32 81 30
32 1 0 0 -1 33 82 31
33 1 0 0 -1 34 83 32
34 1 0 0 -1 35 84 33
35 1 0 0 -1 36 85 34
36 1 0 0 -1 37 86 35
37 1 0 0 -1 38 87 36
38 1 0 0 -1 39 88 37
39 1 0 0 -1 40 89 38
40 1 0 0 -1 41 90 39
41 1 0 0 -1 42 91 40
42 1 0 0 -1 43 92 41
43 1 0 0 -1 44 93 42
44 1 0 0 -1 45 94 43
45 1 0 0 -1 46 95 44
46 1 0 0 -1 47 96 45
47 1 0 0 -1 48 97 46
48 1 0 0 -1 49 98 47
49 1 0 0 -1 50 99 48
50 1 0 0 0 51 100 -1
51 1 0 0 1 52 101 50
52 1 0 0 2 53 102 51
53 1 0 0 3 54 103 52
54 1 0 0 4 55 104 53
55 1 0 0 5 56 105 54
56 1 0 0 6 57 106 55
57 1 0 0 7 58 107 56
58 1 0 0 8 59 108 57
59 1 0 0 9 60 109 58
60 1 0 0 10 61 110 59
61 1 0 0 11 62 111 60
62 1 0 0 12 63 112 61
63 1 0 0 13 64 113 62
64 1 0 0 14 65 114 63
65 1 0 0 15 66 115 64
66 1 0 0 16 67 116 65
67 1 0 0 17 68 117 66
68 1 0 0 18 69 118 67
69 1 0 0 19 70 119 68
70 1 0 0 20 71 120 69
71 1 0 0 21 72 121 70
72 1 0 0 22 73 122 71
73 1 0 0 23 74 123 72
74 1 0 0 24 75 124 73
75 1 0 0 25 76 125 74
76 1 0 0 26 77 126 75
77 1 0 0 27 78 127 76
78 1 0 0 28 79 128 77
79 1 0 0 29 80 129 78
80 1 0 0 30 81 130 79
81 1 0 0 31 82 131 80
82 1 0 0 32 83 132 81
83 1 0 0 33 84 133 82
84 1 0 0 34 85 134 83
85 1 0 0 35 86 135 84
86 1 0 0 36 87 136 85
87 1 0 0 37 88 137 86
88 1 0 0 38 89 138 87
89 1 0 0 39 90 139 88
90 1 0 0 40 91 140 89
91 1 0 0 41 92 141 90
92 1 0 0 42 93 142 91
93 1 0 0 43 94 143 92
94 1 0 0 44 95 144 93
95 1 0 0 45 96 145 94
96 1 0 0 46 97 146 95
97 1 0 0 47 98 147 96
98 1 0 0 48 99 148 97
99 1 0 0 49 -1 149 98
100 1 0 0 50 101 150 -1
101 1 0 0 51 102 151 100
102 1 0 0 52 103 152 101
103 1 0 0 53 104 153 102
104 1 0 0 54 105 154 103
105 1 0 0 55 106 155 104
106 1 0 0 56 107 156 105
107 1 0 0 57 108 157 106
108 1 0 0 58 109 158 107
109 1 0 0 59 110 159 108
110 1 0 0 60 111 160 109
111 1 0 0 61 112 161 110
112 1 0 0 62 113 162 111
113 1 0 0 63 114 163 112
114 1 0 0 64 115 164 113
115 1 0 0 65 116 165 114
116 1 0 0 66 117 166 115
117 1 0 0 67 118 167 116
118 1 0 0 68 119 168 117
119 1 0 0 69 120 169 118
120 1 0 0 70 121 170 119
121 1 0 0 71 122 171 120
122 1 0 0 72 123 172 121
123 1 0 0 73 124 173 122
124 1 0 0 74 125 174 123
125 1 0 0 75 126 175 124
126 1 0 0 76 127 176 125
127 1 0 0 77 128 177 126
128 1 0 0 78 129 178 127
129 1 0 0 79 130 179 128
130 1 0 0 80 131 180 129
131 1 0 0 81 132 181 130
132 1 0 0 82 133 182 131
133 1 0 0 83 134 183 132
134 1 0 0 84 135 184 133
135 1 0 0 85 136 185 134
136 1 0 0 86 137 186 135
137 1 0 0 87 138 187 136
138 1 0 0 88 139 188 137
139 1 0 0 89 140 189 138
140 1 0 0 90 141 190 139
141 1 0 0 91 142 191 140
142 1 0 0 92 143 192 141
143 1 0 0 93 144 193 142
144 1 0 0 94 145 194 143
145 1 0 0 95 146 195 144
146 1 0 0 96 147 196 145
147 1 0 0 97 148 197 146
148 1 0 0 98 149 198 147
149 1 0 0 99 -1 199 148
150 1 0 0 100 151 200 -1
151 1 0 0 101 152 201 150
152 1 0 0 102 153 202 151
153 1 0 0 103 154 203 152
154 1 0 0 104 155 204 153
155 1 0 0 105 156 205 154
156 1 0 0 106 157 206 155
157 1 0 0 107 158 207 156
158 1 0 0 108 159 208 157
159 1 0 0 109 160 209 158
160 1 0 0 110 161 210 159
161 1 0 0 111 162 211 160
162 1 0 0 112 163 212 161
163 1 0 0 113 164 213 162
164 1 0 0 114 165 214 163
165 1 0 0 115 166 215 164
166 1 0 0 116 167 216 165
167 1 0 0 117 168 217 166
168 1 0 0 118 169 218 167
169 1 0 0 119 170 219 168
170 1 0 0 120 171 220 169
171 1 0 0 121 172 221 170
172 1 0 0 122 173 222 171
173 1 0 0 123 174 223 172
174 1 0 0 124 175 224 173
175 1 0 0 125 176 225 174
176 1 0 0 126 177 226 175
177 1 0 0 127 178 227 176
178 1 0 0 128 179 228 177
179 1 0 0 129 180 229 178
180 1 0 0 130 181 230 179
181 1 0 0 131 182 231 180
182 1 0 0 132 183 232 181
183 1 0 0 133 184 233 182
184 1 0 0 134 185 234 183
185 1 0 0 135 186 235 184
186 1 0 0 136 187 236 185
187 1 0 0 137 188 237 186
188 1 0 0 138 189 238 187
189 1 0 0 139 190 239 188
190 1 0 0 140 191 240 189
191 1 0 0 141 192 241 190
192 1 0 0 142 193 242 191
193 1 0 0 143 194 243 192
194 1 0 0 144 195 244 193
195 1 0 0 145 196 245 194
196 1 0 0 146 197 246 195
197 1 0 0 147 198 247 196
198 1 0 0 148 199 248 197
199 1 0 0 149 -1 249 198
200 1 0 0 150 201 250 -1
201 1 0 0 151 202 251 200
202 1 0 0 152 203 252 201
203 1 0 0 153 204 253 202
204 1 0 0 154 205 254 203
205 1 0 0 155 206 255 204
206 1 0 0 156 207 256 205
207 1 0 0 157 208 257 206
208 1 0 0 158 209 258 207
209 1 0 0 159 210 259 208
210 1 0 0 160 211 260 209
211 1 0 0 161 212 261 210
212 1 0 0 162 213 262 211
213 1 0 0 163 214 263 212
214 1 0 0 164 215 264 213
215 1 0 0 165 216 265 214
216 1 0 0 166 217 266 215
217 1 0 0 167 218 267 216
218 1 0 0 168 219 268 217
219 1 0 0 169 220 269 218
220 1 0 0 170 221 270 219
221 1 0 0 171 222 271 220
222 1 0 0 172 223 272 221
223 1 0 0 173 224 273 222
224 1 0 0 174 225 274 223
225 1 0 0 175 226 275 224
226 1 0 0 176 227 276 225
227 1 0 0 177 228 277 226
228 1 0 0 178 229 278 227
229 1 0 0 179 230 279 228
230 1 0 0 180 231 280 229
231 1 0 0 181 232 281 230
232 1 0 0 182 233 282 231
233 1 0 0 183 234 283 232
234 1 0 0 184 235 284 233
235 1 0 0 185 236 285 234
236 1 0 0 186 237 286 235
237 1 0 0 187 238 287 236
238 1 0 0 188 239 288 237
239 1 0 0 189 240 289 238
240 1 0 0 190 241 290 239
241 1 0 0 191 242 291 240
242 1 0 0 192 243 292 241
243 1 0 0 193 244 293 242
244 1 0 0 194 245 294 243
245 1 0 0 195 246 295 244
246 1 0 0 196 247 296 245
247 1 0 0 197 248 297 246
248 1 0 0 198 249 298 247
249 1 0 0 199 -1 299 248
250 1 0 0 200 251 300 -1
251 1 0 0 201 252 301 250
252 1 0 0 202 253 302 251
253 1 0 0 203 254 303 252
254 1 0 0 204 255 304 253
255 0 0 0 205 256 305 254
256 0 0 0 206 257 306 255
257 0 0 0 207 258 307 256
258 0 0 0 208 259 308 257
259 0 1 0 209 260 309 258
260 0 0 0 210 261 310 259
261 0 0 0 211 262 311 260
262 0 0 0 212 263 312 261
263 0 0 0 213 264 313 262
264 0 0 0 214 265 314 263
265 0 0 0 215 266 315 264
266 0 0 0 216 267 316 265
267 0 0 0 217 268 317 266
268 0 0 0 218 269 318 267
269 0 0 0 219 270 319 268
270 0 0 0 220 271 320 269
271 0 0 0 221 272 321 270
272 0 0 0 222 273 322 271
273 0 0 0 223 274 323 272
274 0 0 0 224 275 324 273
275 0 0 0 225 276 325 274
276 0 2 0 226 277 326 275
277 0 0 0 227 278 327 276
278 0 0 0 228 279 328 277
279 0 0 0 229 280 329 278
280 0 0 0 230 281 330 279
281 0 0 0 231 282 331 280
282 0 0 0 232 283 332 281
283 0 0 0 233 284 333 282
284 0 0 0 234 285 334 283
285 0 0 0 235 286 335 284
286 0 0 0 236 287 336 285
287 0 0 0 237 288 337 286
288 0 0 0 238 289 338 287
289 0 0 0 239 290 339 288
290 0 0 0 240 291 340 289
291 0 0 0 241 292 341 290
292 0 0 0 242 293 342 291
293 0 0 0 243 294 343 292
294 0 0 0 244 295 344 293
295 1 0 0 245 296 345 294
296 1 0 0 246 297 346 295
297 1 0 0 247 298 347 296
298 1 0 0 248 299 348 297
299 1 0 0 249 -1 349 298
300 1 0 0 250 301 350 -1
301 1 0 0 251 302 351 300
302 1 0 0 252 303 352 301
303 1 0 0 253 304 353 302
304 1 0 0 254 305 354 303
305 0 0 0 255 306 355 304
306 0 0 0 256 307 356 305
307 0 0 0 257 308 357 306
308 0 0 0 258 309 358 307
309 0 0 0 259 310 359 308
310 0 0 0 260 311 360 309
311 0 0 0 261 312 361 310
312 0 0 0 262 313 362 311
313 0 0 0 263 314 363 312
314 0 0 0 264 315 364 313
315 0 0 0 265 316 365 314
316 0 0 0 266 317 366 315
317 0 0 0 267 318 367 316
318 0 0 0 268 319 368 317
319 0 0 0 269 320 369 318
320 0 0 0 270 321 370 319
321 0 0 0 271 322 371 320
322 0 2 0 272 323 372 321
323 0 0 0 273 324 373 322
324 0 0 0 274 325 374 323
325 0 0 0 275 326 375 324
326 0 0 0 276 327 376 325
327 0 0 0 277 328 377 326
328 0 0 0 278 329 378 327
329 0 0 0 279 330 379 328
330 0 0 0 280 331 380 329
331 0 0 0 281 332 381 330
332 0 0 0 282 333 382 331
333 0 1 0 283 334 383 332
334 0 0 0 284 335 384 333
335 0 0 0 285 336 385 334
336 0 0 0 286 337 386 335
337 0 0 0 287 338 387 336
338 0 0 0 288 339 388 337
339 0 0 0 289 340 389 338
340 0 0 0 290 341 390 339
341 0 0 0 291 342 391 340
342 0 0 0 292 343 392 341
343 0 0 0 293 344 393 342
344 0 0 0 294 345 394 343
345 1 0 0 295 346 395 344
346 1 0 0 296 347 396 345
347 1 0 0 297 348 397 346
348 1 0 0 298 349 398 347
349 1 0 0 299 -1 399 348
350 1 0 0 300 351 400 -1
351 1 0 0 301 352 401 350
352 1 0 0 302 353 402 351
353 1 0 0 303 354 403 352
354 1 0 0 304 355 404 353
355 0 0 0 305 356 405 354
356 0 0 0 306 357 406 355
357 0 0 0 307 358 407 356
358 0 0 0 308 359 408 357
359 0 0 0 309 360 409 358
360 0 0 0 310 361 410 359
361 0 0 0 311 362 411 360
362 0 0 0 312 363 412 361
363 0 0 0 313 364 413 362
364 0 0 0 314 365 414 363
365 0 0 0 315 366 415 364
366 0 0 0 316 367 416 365
367 0 0 0 317 368 417 366
368 0 2 0 318 369 418 367
369 0 0 0 319 370 419 368
370 0 1 0 320 371 420 369
371 0 0 0 321 372 421 370
372 0 0 0 322 373 422 371
373 0 0 0 323 374 423 372
374 0 0 0 324 375 424 373
375 0 0 1 325 376 425 374
376 0 0 0 326 377 426 375
377 0 0 0 327 378 427 376
378 0 0 0 328 379 428 377
379 0 0 0 329 380 429 378
380 0 0 0 330 381 430 379
381 0 0 0 331 382 431 380
382 0 0 0 332 383 432 381
383 0 0 0 333 384 433 382
384 0 0 0 334 385 434 383
385 0 0 0 335 386 435 384
386 0 0 0 336 387 436 385
387 0 0 0 337 388 437 386
388 0 0 0 338 389 438 387
389 0 0 0 339 390 439 388
390 0 0 0 340 391 440 389
391 0 2 0 341 392 441 390
392 0 0 0 342 393 442 391
393 0 0 0 343 394 443 392
394 0 0 0 344 395 444 393
395 1 0 0 345 396 445 394
396 1 0 0 346 397 446 395
397 1 0 0 347 398 447 396
398 1 0 0 348 399 448 397
399 1 0 0 349 -1 449 398
400 1 0 0 350 401 450 -1
401 1 0 0 351 402 451 400
402 1 0 0 352 403 452 401
403 1 0 0 353 404 453 402
404 1 0 0 354 405 454 403
405 0 0 0 355 406 455 404
406 0 0 0 356 407 456 405
407 0 1 0 357 408 457 406
408 0 0 0 358 409 458 407
409 0 0 0 359 410 459 408
410 0 0 0 360 411 460 409
411 0 0 0 361 412 461 410
412 0 0 0 362 413 462 411
413 0 0 0 363 414 463 412
414 0 2 0 364 415 464 413
415 0 0 0 365 416 465 414
416 0 0 0 366 417 466 415
417 0 0 0 367 418 467 416
418 0 0 0 368 419 468 417
419 0 0 0 369 420 469 418
420 0 0 2 370 421 470 419
421 0 0 0 371 422 471 420
422 0 0 0 372 423 472 421
423 0 0 0 373 424 473 422
424 0 0 0 374 425 474 423
425 0 0 1 375 426 475 424
426 0 0 0 376 427 476 425
427 0 0 0 377 428 477 426
428 0 0 0 378 429 478 427
429 0 0 0 379 430 479 428
430 0 0 0 380 431 480 429
431 0 0 0 381 432 481 430
432 0 0 0 382 433 482 431
433 0 0 0 383 434 483 432
434 0 0 0 384 435 484 433
435 0 0 0 385 436 485 434
436 0 0 0 386 437 486 435
437 0 2 0 387 438 487 436
438 0 0 0 388 439 488 437
439 0 0 0 389 440 489 438
440 0 0 0 390 441 490 439
441 0 0 0 391 442 491 440
442 0 0 0 392 443 492 441
443 0 0 0 393 444 493 442
444 0 1 0 394 445 494 443
445 1 0 0 395 446 495 444
446 1 0 0 396 447 496 445
447 1 0 0 397 448 497 446
448 1 0 0 398 449 498 447
449 1 0 0 399 -1 499 448
450 1 0 0 400 451 500 -1
451 1 0 0 401 452 501 450
452 1 0 0 402 453 502 451
453 1 0 0 403 454 503 452
454 1 0 0 404 455 504 453
455 0 0 0 405 456 505 454
456 0 0 0 406 457 506 455
457 0 0 0 407 458 507 456
458 0 0 0 408 459 508 457
459 0 0 0 409 460 509 458
460 0 2 0 410 461 510 459
461 0 0 0 411 462 511 460
462 0 0 0 412 463 512 461
463 0 0 0 413 464 513 462
464 0 0 0 414 465 514 463
465 0 0 0 415 466 515 464
466 0 0 0 416 467 516 465
467 0 0 0 417 468 517 466
468 0 0 0 418 469 518 467
469 0 0 0 419 470 519 468
470 0 0 0 420 471 520 469
471 0 0 0 421 472 521 470
472 0 0 0 422 473 522 471
473 0 0 0 423 474 523 472
474 0 0 0 424 475 524 473
475 0 0 0 425 476 525 474
476 0 0 0 426 477 526 475
477 0 0 0 427 478 527 476
478 0 0 0 428 479 528 477
479 0 0 0 429 480 529 478
480 0 0 0 430 481 530 479
481 0 1 0 431 482 531 480
482 0 0 0 432 483 532 481
483 0 2 0 433 484 533 482
484 0 0 0 434 485 534 483
485 0 0 0 435 486 535 484
486 0 0 0 436 487 536 485
487 0 0 0 437 488 537 486
488 0 0 0 438 489 538 487
489 0 0 0 439 490 539 488
490 0 0 0 440 491 540 489
491 0 0 0 441 492 541 490
492 0 0 0 442 493 542 491
493 0 0 0 443 494 543 492
494 0 0 0 444 495 544 493
495 1 0 0 445 496 545 494
496 1 0 0 446 497 546 495
497 1 0 0 447 498 547 496
498 1 0 0 448 499 548 497
499 1 0 0 449 -1 549 498
500 1 0 0 450 501 550 -1
501 1 0 0 451 502 551 500
502 1 0 0 452 503 552 501
503 1 0 0 453 504 553 502
504 1 0 0 454 505 554 503
505 0 0 0 455 506 555 504
506 0 2 0 456 507 556 505
507 0 0 0 457 508 557 506
508 0 0 0 458 509 558 507
509 0 0 0 459 510 559 508
510 1 0 0 460 511 560 509
511 1 0 0 461 512 561 510
512 1 0 0 462 513 562 511
513 1 0 0 463 514 563 512
514 1 0 0 464 515 564 513
515 1 0 0 465 516 565 514
516 1 0 0 466 517 566 515
517 1 0 0 467 518 567 516
518 1 0 0 468 519 568 517
519 1 0 0 469 520 569 518
520 1 0 0 470 521 570 519
521 1 0 0 471 522 571 520
522 1 0 0 472 523 572 521
523 1 0 0 473 524 573 522
524 1 0 0 474 525 574 523
525 1 0 0 475 526 575 524
526 1 0 0 476 527 576 525
527 1 0 0 477 528 577 526
528 1 0 0 478 529 578 527
529 1 0 0 479 530 579 528
530 1 0 0 480 531 580 529
531 1 0 0 481 532 581 530
532 1 0 0 482 533 582 531
533 1 0 0 483 534 583 532
534 1 0 0 484 535 584 533
535 1 0 0 485 536 585 534
536 1 0 0 486 537 586 535
537 1 0 0 487 538 587 536
538 1 0 0 488 539 588 537
539 1 0 0 489 540 589 538
540 1 0 0 490 541 590 539
541 0 0 0 491 542 591 540
542 0 0 0 492 543 592 541
543 0 0 0 493 544 593 542
544 0 0 0 494 545 594 543
545 1 0 0 495 546 595 544
546 1 0 0 496 547 596 545
547 1 0 0 497 548 597 546
548 1 0 0 498 549 598 547
549 1 0 0 499 -1 599 548
550 1 0 0 500 551 600 -1
551 1 0 0 501 552 601 550
552 1 0 0 502 553 602 551
553 1 0 0 503 554 603 552
554 1 0 0 504 555 604 553
555 0 1 0 505 556 605 554
556 0 0 0 506 557 606 555
557 0 0 0 507 558 607 556
558 0 0 0 508 559 608 557
559 0 0 0 509 560 609 558
560 1 0 0 510 561 610 559
561 1 0 0 511 562 611 560
562 1 0 0 512 563 612 561
563 1 0 0 513 564 613 562
564 1 0 0 514 565 614 563
565 1 0 0 515 566 615 564
566 1 0 0 516 567 616 565
567 1 0 0 517 568 617 566
568 1 0 0 518 569 618 567
569 1 0 0 519 570 619 568
570 1 0 0 520 571 620 569
571 1 0 0 521 572 621 570
572 1 0 0 522 573 622 571
573 1 0 0 523 574 623 572
574 1 0 0 524 575 624 573
575 1 0 0 525 576 625 574
576 1 0 0 526 577 626 575
577 1 0 0 527 578 627 576
578 1 0 0 528 579 628 577
579 1 0 0 529 580 629 578
580 1 0 0 530 581 630 579
581 1 0 0 531 582 631 580
582 1 0 0 532 583 632 581
583 1 0 0 533 584 633 582
584 1 0 0 534 585 634 583
585 1 0 0 535 586 635 584
586 1 0 0 536 587 636 585
587 1 0 0 537 588 637 586
588 1 0 0 538 589 638 587
589 1 0 0 539 590 639 588
590 1 0 0 540 591 640 589
591 0 0 0 541 592 641 590
592 0 1 0 542 593 642 591
593 0 0 0 543 594 643 592
594 0 0 0 544 595 644 593
595 1 0 0 545 596 645 594
596 1 0 0 546 597 646 595
597 1 0 0 547 598 647 596
598 1 0 0 548 599 648 597
599 1 0 0 549 -1 649 598
600 1 0 0 550 601 650 -1
601 1 0 0 551 602 651 600
602 1 0 0 552 603 652 601
603 1 0 0 553 604 653 602
604 1 0 0 554 605 654 603
605 0 0 0 555 606 655 604
606 0 0 0 556 607 656 605
607 0 0 0 557 608 657 606
608 0 0 0 558 609 658 607
609 0 0 0 559 610 659 608
610 1 0 0 560 611 660 609
611 1 0 0 561 612 661 610
612 1 0 0 562 613 662 611
613 1 0 0 563 614 663 612
614 1 0 0 564 615 664 613
615 1 0 0 565 616 665 614
616 1 0 0 566 617 666 615
617 1 0 0 567 618 667 616
618 1 0 0 568 619 668 617
619 1 0 0 569 620 669 618
620 1 0 0 570 621 670 619
621 1 0 0 571 622 671 620
622 1 0 0 572 623 672 621
623 1 0 0 573 624 673 622
624 1 0 0 574 625 674 623
625 1 0 0 575 626 675 624
626 1 0 0 576 627 676 625
627 1 0 0 577 628 677 626
628 1 0 0 578 629 678 627
629 1 0 0 579 630 679 628
630 1 0 0 580 631 680 629
631 1 0 0 581 632 681 630
632 1 0 0 582 633 682 631
633 1 0 0 583 634 683 632
634 1 0 0 584 635 684 633
635 1 0 0 585 636 685 634
636 1 0 0 586 637 686 635
637 1 0 0 587 638 687 636
638 1 0 0 588 639 688 637
639 1 0 0 589 640 689 638
640 1 0 0 590 641 690 639
641 0 0 0 591 642 691 640
642 0 0 0 592 643 692 641
643 0 0 0 593 644 693 642
644 0 2 0 594 645 694 643
645 1 0 0 595 646 695 644
646 1 0 0 596 647 696 645
647 1 0 0 597 648 697 646
648 1 0 0 598 649 698 647
649 1 0 0 599 -1 699 648
650 1 0 0 600 651 700 -1
651 1 0 0 601 652 701 650
652 1 0 0 602 653 702 651
653 1 0 0 603 654 703 652
654 1 0 0 604 655 704 653
655 0 0 0 605 656 705 654
656 0 0 0 606 657 706 655
657 0 0 0 607 658 707 656
658 0 0 0 608 659 708 657
659 0 0 0 609 660 709 658
660 1 0 0 610 661 710 659
661 1 0 0 611 662 711 660
662 1 0 0 612 663 712 661
663 1 0 0 613 664 713 662
664 1 0 0 614 665 714 663
665 1 0 0 615 666 715 664
666 1 0 0 616 667 716 665
667 1 0 0 617 668 717 666
668 1 0 0 618 669 718 667
669 1 0 0 619 670 719 668
670 1 0 0 620 671 720 669
671 1 0 0 621 672 721 670
672 1 0 0 622 673 722 671
673 1 0 0 623 674 723 672
674 1 0 0 624 675 724 673
675 1 0 0 625 676 725 674
676 1 0 0 626 677 726 675
677 1 0 0 627 678 727 676
678 1 0 0 628 679 728 677
679 1 0 0 629 680 729 678
680 1 0 0 630 681 730 679
681 1 0 0 631 682 731 680
682 1 0 0 632 683 732 681
683 1 0 0 633 684 733 682
684 1 0 0 634 685 734 683
685 1 0 0 635 686 735 684
686 1 0 0 636 687 736 685
687 1 0 0 637 688 737 686
688 1 0 0 638 689 738 687
689 1 0 0 639 690 739 688
690 1 0 0 640 691 740 689
691 0 0 0 641 692 741 690
692 0 0 0 642 693 742 691
693 0 0 0 643 694 743 692
694 0 0 0 644 695 744 693
695 1 0 0 645 696 745 694
696 1 0 0 646 697 746 695
697 1 0 0 647 698 747 696
698 1 0 0 648 699 748 697
699 1 0 0 649 -1 749 698
700 1 0 0 650 701 750 -1
701 1 0 0 651 702 751 700
702 1 0 0 652 703 752 701
703 1 0 0 653 704 753 702
704 1 0 0 654 705 754 703
705 0 0 0 655 706 755 704
706 0 0 0 656 707 756 705
707 0 0 0 657 708 757 706
708 0 0 0 658 709 758 707
709 0 0 0 659 710 759 708
710 1 0 0 660 711 760 709
711 1 0 0 661 712 761 710
712 1 0 0 662 713 762 711
713 1 0 0 663 714 763 712
714 1 0 0 664 715 764 713
715 1 0 0 665 716 765 714
716 1 0 0 666 717 766 715
717 1 0 0 667 718 767 716
718 1 0 0 668 719 768 717
719 1 0 0 669 720 769 718
720 1 0 0 670 721 770 719
721 1 0 0 671 722 771 720
722 1 0 0 672 723 772 721
723 1 0 0 673 724 773 722
724 1 0 0 674 725 774 723
725 1 0 0 675 726 775 724
726 1 0 0 676 727 776 725
727 1 0 0 677 728 777 726
728 1 0 0 678 729 778 727
729 1 0 0 679 730 779 728
730 1 0 0 680 731 780 729
731 1 0 0 681 732 781 730
732 1 0 0 682 733 782 731
733 1 0 0 683 734 783 732
734 1 0 0 684 735 784 733
735 1 0 0 685 736 785 734
736 1 0 0 686 737 786 735
737 1 0 0 687 738 787 736
738 1 0 0 688 739 788 737
739 1 0 0 689 740 789 738
740 1 0 0 690 741 790 739
741 0 0 0 691 742 791 740
742 0 0 0 692 743 792 741
743 0 0 0 693 744 793 742
744 0 0 0 694 745 794 743
745 1 0 0 695 746 795 744
746 1 0 0 696 747 796 745
747 1 0 0 697 748 797 746
748 1 0 0 698 749 798 747
749 1 0 0 699 -1 799 748
750 1 0 0 700 751 800 -1
751 1 0 0 701 752 801 750
752 1 0 0 702 753 802 751
753 1 0 0 703 754 803 752
754 1 0 0 704 755 804 753
755 0 0 0 705 756 805 754
756 0 0 0 706 757 806 755
757 0 0 0 707 758 807 756
758 0 0 0 708 759 808 757
759 0 2 0 709 760 809 758
760 0 0 0 710 761 810 759
761 0 0 0 711 762 811 760
762 0 0 0 712 763 812 761
763 0 0 0 713 764 813 762
764 0 0 0 714 765 814 763
765 0 0 0 715 766 815 764
766 0 0 0 716 767 816 765
767 0 0 0 717 768 817 766
768 0 0 0 718 769 818 767
769 0 0 0 719 770 819 768
770 0 0 0 720 771 820 769
771 0 0 0 721 772 821 770
772 0 0 0 722 773 822 771
773 0 0 0 723 774 823 772
774 0 0 0 724 775 824 773
775 0 0 0 725 776 825 774
776 0 0 0 726 777 826 775
777 0 1 0 727 778 827 776
778 0 0 0 728 779 828 777
779 0 0 0 729 780 829 778
780 0 0 0 730 781 830 779
781 0 0 0 731 782 831 780
782 0 2 0 732 783 832 781
783 0 0 0 733 784 833 782
784 0 0 0 734 785 834 783
785 0 0 0 735 786 835 784
786 0 0 0 736 787 836 785
787 0 0 0 737 788 837 786
788 0 0 0 738 789 838 787
789 0 0 0 739 790 839 788
790 0 0 0 740 791 840 789
791 0 0 0 741 792 841 790
792 0 0 0 742 793 842 791
793 0 0 0 743 794 843 792
794 0 0 0 744 795 844 793
795 1 0 0 745 796 845 794
796 1 0 0 746 797 846 795
797 1 0 0 747 798 847 796
798 1 0 0 748 799 848 797
799 1 0 0 749 -1 849 798
800 1 0 0 750 801 850 -1
801 1 0 0 751 802 851 800
802 1 0 0 752 803 852 801
803 1 0 0 753 804 853 802
804 1 0 0 754 805 854 803
805 0 2 0 755 806 855 804
806 0 0 0 756 807 856 805
807 0 0 0 757 808 857 806
808 0 0 0 758 809 858 807
809 0 0 0 759 810 859 808
810 0 0 0 760 811 860 809
811 0 0 0 761 812 861 810
812 0 0 0 762 813 862 811
813 0 0 0 763 814 863 812
814 0 1 0 764 815 864 813
815 0 0 0 765 816 865 814
816 0 0 0 766 817 866 815
817 0 0 0 767 818 867 816
818 0 0 0 768 819 868 817
819 0 0 0 769 820 869 818
820 0 0 0 770 821 870 819
821 0 0 0 771 822 871 820
822 0 0 0 772 823 872 821
823 0 0 0 773 824 873 822
824 0 0 0 774 825 874 823
825 0 0 0 775 826 875 824
826 0 0 0 776 827 876 825
827 0 0 0 777 828 877 826
828 0 2 0 778 829 878 827
829 0 0 0 779 830 879 828
830 0 0 0 780 831 880 829
831 0 0 0 781 832 881 830
832 0 0 0 782 833 882 831
833 0 0 0 783 834 883 832
834 0 0 0 784 835 884 833
835 0 0 0 785 836 885 834
836 0 0 0 786 837 886 835
837 0 0 0 787 838 887 836
838 0 0 0 788 839 888 837
839 0 0 0 789 840 889 838
840 0 0 0 790 841 890 839
841 0 0 0 791 842 891 840
842 0 0 0 792 843 892 841
843 0 0 0 793 844 893 842
844 0 0 0 794 845 894 843
845 1 0 0 795 846 895 844
846 1 0 0 796 847 896 845
847 1 0 0 797 848 897 846
848 1 0 0 798 849 898 847
849 1 0 0 799 -1 899 848
850 1 0 0 800 851 900 -1
851 1 0 0 801 852 901 850
852 1 0 0 802 853 902 851
853 1 0 0 803 854 903 852
854 1 0 0 804 855 904 853
855 0 0 0 805 856 905 854
856 0 0 0 806 857 906 855
857 0 0 0 807 858 907 856
858 0 0 0 808 859 908 857
859 0 0 0 809 860 909 858
860 0 0 0 810 861 910 859
861 0 0 0 811 862 911 860
862 0 0 0 812 863 912 861
863 0 0 0 813 864 913 862
864 0 0 0 814 865 914 863
865 0 0 0 815 866 915 864
866 0 0 0 816 867 916 865
867 0 0 0 817 868 917 866
868 0 0 0 818 869 918 867
869 0 0 0 819 870 919 868
870 0 0 0 820 871 920 869
871 0 0 0 821 872 921 870
872 0 0 0 822 873 922 871
873 0 0 0 823 874 923 872
874 0 2 0 824 875 924 873
875 0 0 0 825 876 925 874
876 0 0 0 826 877 926 875
877 0 0 0 827 878 927 876
878 0 0 0 828 879 928 877
879 0 0 0 829 880 929 878
880 0 0 2 830 881 930 879
881 0 0 0 831 882 931 880
882 0 0 0 832 883 932 881
883 0 0 0 833 884 933 882
884 0 0 0 834 885 934 883
885 0 0 0 835 886 935 884
886 0 0 0 836 887 936 885
887 0 0 0 837 888 937 886
888 0 1 0 838 889 938 887
889 0 0 0 839 890 939 888
890 0 0 0 840 891 940 889
891 0 0 0 841 892 941 890
892 0 0 0 842 893 942 891
893 0 0 0 843 894 943 892
894 0 0 0 844 895 944 893
895 1 0 0 845 896 945 894
896 1 0 0 846 897 946 895
897 1 0 0 847 898 947 896
898 1 0 0 848 899 948 897
899 1 0 0 849 -1 949 898
900 1 0 0 850 901 950 -1
901 1 0 0 851 902 951 900
902 1 0 0 852 903 952 901
903 1 0 0 853 904 953 902
904 1 0 0 854 905 954 903
905 0 0 0 855 906 955 904
906 0 0 0 856 907 956 905
907 0 0 0 857 908 957 906
908 0 0 0 858 909 958 907
909 0 0 0 859 910 959 908
910 0 0 0 860 911 960 909
911 0 0 0 861 912 961 910
912 0 0 0 862 913 962 911
913 0 0 0 863 914 963 912
914 0 0 0 864 915 964 913
915 0 0 0 865 916 965 914
916 0 0 0 866 917 966 915
917 0 0 0 867 918 967 916
918 0 0 0 868 919 968 917
919 0 0 0 869 920 969 918
920 0 2 0 870 921 970 919
921 0 0 0 871 922 971 920
922 0 0 0 872 923 972 921
923 0 0 0 873 924 973 922
924 0 0 0 874 925 974 923
925 0 1 0 875 926 975 924
926 0 0 0 876 927 976 925
927 0 0 0 877 928 977 926
928 0 0 0 878 929 978 927
929 0 0 0 879 930 979 928
930 0 0 0 880 931 980 929
931 0 0 0 881 932 981 930
932 0 0 0 882 933 982 931
933 0 0 0 883 934 983 932
934 0 0 0 884 935 984 933
935 0 0 0 885 936 985 934
936 0 0 0 886 937 986 935
937 0 0 0 887 938 987 936
938 0 0 0 888 939 988 937
939 0 0 0 889 940 989 938
940 0 0 0 890 941 990 939
941 0 0 0 891 942 991 940
942 0 0 0 892 943 992 941
943 0 2 0 893 944 993 942
944 0 0 0 894 945 994 943
945 1 0 0 895 946 995 944
946 1 0 0 896 947 996 945
947 1 0 0 897 948 997 946
948 1 0 0 898 949 998 947
949 1 0 0 899 -1 999 948
950 1 0 0 900 951 1000 -1
951 1 0 0 901 952 1001 950
952 1 0 0 902 953 1002 951
953 1 0 0 903 954 1003 952
954 1 0 0 904 955 1004 953
955 0 0 0 905 956 1005 954
956 0 0 0 906 957 1006 955
957 0 0 0 907 958 1007 956
958 0 0 0 908 959 1008 957
959 0 0 0 909 960 1009 958
960 0 0 0 910 961 1010 959
961 0 0 0 911 962 1011 960
962 0 1 0 912 963 1012 961
963 0 0 0 913 964 1013 962
964 0 0 0 914 965 1014 963
965 0 0 0 915 966 1015 964
966 0 2 0 916 967 1016 965
967 0 0 0 917 968 1017 966
968 0 0 0 918 969 1018 967
969 0 0 0 919 970 1019 968
970 0 0 0 920 971 1020 969
971 0 0 0 921 972 1021 970
972 0 0 0 922 973 1022 971
973 0 0 0 923 974 1023 972
974 0 0 0 924 975 1024 973
975 0 0 0 925 976 1025 974
976 0 0 0 926 977 1026 975
977 0 0 0 927 978 1027 976
978 0 0 0 928 979 1028 977
979 0 0 0 929 980 1029 978
980 0 0 0 930 981 1030 979
981 0 0 0 931 982 1031 980
982 0 0 0 932 983 1032 981
983 0 0 0 933 984 1033 982
984 0 0 0 934 985 1034 983
985 0 0 0 935 986 1035 984
986 0 0 0 936 987 1036 985
987 0 0 0 937 988 1037 986
988 0 0 0 938 989 1038 987
989 0 2 0 939 990 1039 988
990 0 0 0 940 991 1040 989
991 0 0 0 941 992 1041 990
992 0 0 0 942 993 1042 991
993 0 0 0 943 994 1043 992
994 0 0 0 944 995 1044 993
995 1 0 0 945 996 1045 994
996 1 0 0 946 997 1046 995
997 1 0 0 947 998 1047 996
998 1 0 0 948 999 1048 997
999 1 0 0 949 -1 1049 998
1000 1 0 0 950 1001 1050 -1
1001 1 0 0 951 1002 1051 1000
1002 1 0 0 952 1003 1052 1001
1003 1 0 0 953 1004 1053 1002
1004 1 0 0 954 1005 1054 1003
1005 1 0 0 955 1006 1055 1004
1006 1 0 0 956 1007 1056 1005
1007 1 0 0 957 1008 1057 1006
1008 1 0 0 958 1009 1058 1007
1009 1 0 0 959 1010 1059 1008
1010 1 0 0 960 1011 1060 1009
1011 1 0 0 961 1012 1061 1010
1012 1 0 0 962 1013 1062 1011
1013 1 0 0 963 1014 1063 1012
1014 1 0 0 964 1015 1064 1013
1015 1 0 0 965 1016 1065 1014
1016 1 0 0 966 1017 1066 1015
1017 1 0 0 967 1018 1067 1016
1018 1 0 0 968 1019 1068 1017
1019 1 0 0 969 1020 1069 1018
1020 1 0 0 970 1021 1070 1019
1021 1 0 0 971 1022 1071 1020
1022 1 0 0 972 1023 1072 1021
1023 1 0 0 973 1024 1073 1022
1024 1 0 0 974 1025 1074 1023
1025 1 0 0 975 1026 1075 1024
1026 1 0 0 976 1027 1076 1025
1027 1 0 0 977 1028 1077 1026
1028 1 0 0 978 1029 1078 1027
1029 1 0 0 979 1030 1079 1028
1030 1 0 0 980 1031 1080 1029
1031 1 0 0 981 1032 1081 1030
1032 1 0 0 982 1033 1082 1031
1033 1 0 0 983 1034 1083 1032
1034 1 0 0 984 1035 1084 1033
1035 1 0 0 985 1036 1085 1034
1036 1 0 0 986 1037 1086 1035
1037 1 0 0 987 1038 1087 1036
1038 1 0 0 988 1039 1088 1037
1039 1 0 0 989 1040 1089 1038
1040 1 0 0 990 1041 1090 1039
1041 1 0 0 991 1042 1091 1040
1042 1 0 0 992 1043 1092 1041
1043 1 0 0 993 1044 1093 1042
1044 1 0 0 994 1045 1094 1043
1045 1 0 0 995 1046 1095 1044
1046 1 0 0 996 1047 1096 1045
1047 1 0 0 997 1048 1097 1046
1048 1 0 0 998 1049 1098 1047
1049 1 0 0 999 -1 1099 1048
1050 1 0 0 1000 1051 1100 -1
1051 1 0 0 1001 1052 1101 1050
1052 1 0 0 1002 1053 1102 1051
1053 1 0 0 1003 1054 1103 1052
1054 1 0 0 1004 1055 1104 1053
1055 1 0 0 1005 1056 1105 1054
1056 1 0 0 1006 1057 1106 1055
1057 1 0 0 1007 1058 1107 1056
1058 1 0 0 1008 1059 1108 1057
1059 1 0 0 1009 1060 1109 1058
1060 1 0 0 1010 1061 1110 1059
1061 1 0 0 1011 1062 1111 1060
1062 1 0 0 1012 1063 1112 1061
1063 1 0 0 1013 1064 1113 1062
1064 1 0 0 1014 1065 1114 1063
1065 1 0 0 1015 1066 1115 1064
1066 1 0 0 1016 1067 1116 1065
1067 1 0 0 1017 1068 1117 1066
1068 1 0 0 1018 1069 1118 1067
1069 1 0 0 1019 1070 1119 1068
1070 1 0 0 1020 1071 1120 1069
1071 1 0 0 1021 1072 1121 1070
1072 1 0 0 1022 1073 1122 1071
1073 1 0 0 1023 1074 1123 1072
1074 1 0 0 1024 1075 1124 1073
1075 1 0 0 1025 1076 1125 1074
1076 1 0 0 1026 1077 1126 1075
1077 1 0 0 1027 1078 1127 1076
1078 1 0 0 1028 1079 1128 1077
1079 1 0 0 1029 1080 1129 1078
1080 1 0 0 1030 1081 1130 1079
1081 1 0 0 1031 1082 1131 1080
1082 1 0 0 1032 1083 1132 1081
1083 1 0 0 1033 1084 1133 1082
1084 1 0 0 1034 1085 1134 1083
1085 1 0 0 1035 1086 1135 1084
1086 1 0 0 1036 1087 1136 1085
1087 1 0 0 1037 1088 1137 1086
1088 1 0 0 1038 1089 1138 1087
1089 1 0 0 1039 1090 1139 1088
1090 1 0 0 1040 1091 1140 1089
1091 1 0 0 1041 1092 1141 1090
1092 1 0 0 1042 1093 1142 1091
1093 1 0 0 1043 1094 1143 1092
1094 1 0 0 1044 1095 1144 1093
1095 1 0 0 1045 1096 1145 1094
1096 1 0 0 1046 1097 1146 1095
1097 1 0 0 1047 1098 1147 1096
1098 1 0 0 1048 1099 1148 1097
1099 1 0 0 1049 -1 1149 1098
1100 1 0 0 1050 1101 1150 -1
1101 1 0 0 1051 1102 1151 1100
1102 1 0 0 1052 1103 1152 1101
1103 1 0 0 1053 1104 1153 1102
1104 1 0 0 1054 1105 1154 1103
1105 1 0 0 1055 1106 1155 1104
1106 1 0 0 1056 1107 1156 1105
1107 1 0 0 1057 1108 1157 1106
1108 1 0 0 1058 1109 1158 1107
1109 1 0 0 1059 1110 1159 1108
1110 1 0 0 1060 1111 1160 1109
1111 1 0 0 1061 1112 1161 1110
1112 1 0 0 1062 1113 1162 1111
1113 1 0 0 1063 1114 1163 1112
1114 1 0 0 1064 1115 1164 1113
1115 1 0 0 1065 1116 1165 1114
1116 1 0 0 1066 1117 1166 1115
1117 1 0 0 1067 1118 1167 1116
1118 1 0 0 1068 1119 1168 1117
1119 1 0 0 1069 1120 1169 1118
1120 1 0 0 1070 1121 1170 1119
1121 1 0 0 1071 1122 1171 1120
1122 1 0 0 1072 1123 1172 1121
1123 1 0 0 1073 1124 1173 1122
1124 1 0 0 1074 1125 1174 1123
1125 1 0 0 1075 1126 1175 1124
1126 1 0 0 1076 1127 1176 1125
1127 1 0 0 1077 1128 1177 1126
1128 1 0 0 1078 1129 1178 1127
1129 1 0 0 1079 1130 1179 1128
1130 1 0 0 1080 1131 1180 1129
1131 1 0 0 1081 1132 1181 1130
1132 1 0 0 1082 1133 1182 1131
1133 1 0 0 1083 1134 1183 1132
1134 1 0 0 1084 1135 1184 1133
1135 1 0 0 1085 1136 1185 1134
1136 1 0 0 1086 1137 1186 1135
1137 1 0 0 1087 1138 1187 1136
1138 1 0 0 1088 1139 1188 1137
1139 1 0 0 1089 1140 1189 1138
1140 1 0 0 1090 1141 1190 1139
1141 1 0 0 1091 1142 1191 1140
1142 1 0 0 1092 1143 1192 1141
1143 1 0 0 1093 1144 1193 1142
1144 1 0 0 1094 1145 1194 1143
1145 1 0 0 1095 1146 1195 1144
1146 1 0 0 1096 1147 1196 1145
1147 1 0 0 1097 1148 1197 1146
1148 1 0 0 1098 1149 1198 1147
1149 1 0 0 1099 -1 1199 1148
1150 1 0 0 1100 1151 1200 -1
1151 1 0 0 1101 1152 1201 1150
1152 1 0 0 1102 1153 1202 1151
1153 1 0 0 1103 1154 1203 1152
1154 1 0 0 1104 1155 1204 1153
1155 1 0 0 1105 1156 1205 1154
1156 1 0 0 1106 1157 1206 1155
1157 1 0 0 1107 1158 1207 1156
1158 1 0 0 1108 1159 1208 1157
1159 1 0 0 1109 1160 1209 1158
1160 1 0 0 1110 1161 1210 1159
1161 1 0 0 1111 1162 1211 1160
1162 1 0 0 1112 1163 1212 1161
1163 1 0 0 1113 1164 1213 1162
1164 1 0 0 1114 1165 1214 1163
1165 1 0 0 1115 1166 1215 1164
1166 1 0 0 1116 1167 1216 1165
1167 1 0 0 1117 1168 1217 1166
1168 1 0 0 1118 1169 1218 1167
1169 1 0 0 1119 1170 1219 1168
1170 1 0 0 1120 1171 1220 1169
1171 1 0 0 1121 1172 1221 1170
1172 1 0 0 1122 1173 1222 1171
1173 1 0 0 1123 1174 1223 1172
1174 1 0 0 1124 1175 1224 1173
1175 1 0 0 1125 1176 1225 1174
1176 1 0 0 1126 1177 1226 1175
1177 1 0 0 1127 1178 1227 1176
1178 1 0 0 1128 1179 1228 1177
1179 1 0 0 1129 1180 1229 1178
1180 1 0 0 1130 1181 1230 1179
1181 1 0 0 1131 1182 1231 1180
1182 1 0 0 1132 1183 1232 1181
1183 1 0 0 1133 1184 1233 1182
1184 1 0 0 1134 1185 1234 1183
1185 1 0 0 1135 1186 1235 1184
1186 1 0 0 1136 1187 1236 1185
1187 1 0 0 1137 1188 1237 1186
1188 1 0 0 1138 1189 1238 1187
1189 1 0 0 1139 1190 1239 1188
1190 1 0 0 1140 1191 1240 1189
1191 1 0 0 1141 1192 1241 1190
1192 1 0 0 1142 1193 1242 1191
1193 1 0 0 1143 1194 1243 1192
1194 1 0 0 1144 1195 1244 1193
1195 1 0 0 1145 1196 1245 1194
1196 1 0 0 1146 1197 1246 1195
1197 1 0 0 1147 1198 1247 1196
1198 1 0 0 1148 1199 1248 1197
1199 1 0 0 1149 -1 1249 1198
1200 1 0 0 1150 1201 -1 -1
1201 1 0 0 1151 1202 -1 1200
1202 1 0 0 1152 1203 -1 1201
1203 1 0 0 1153 1204 -1 1202
1204 1 0 0 1154 1205 -1 1203
1205 1 0 0 1155 1206 -1 1204
1206 1 0 0 1156 1207 -1 1205
1207 1 0 0 1157 1208 -1 1206
1208 1 0 0 1158 1209 -1 1207
1209 1 0 0 1159 1210 -1 1208
1210 1 0 0 1160 1211 -1 1209
1211 1 0 0 1161 1212 -1 1210
1212 1 0 0 1162 1213 -1 1211
1213 1 0 0 1163 1214 -1 1212
1214 1 0 0 1164 1215 -1 1213
1215 1 0 0 1165 1216 -1 1214
1216 1 0 0 1166 1217 -1 1215
1217 1 0 0 1167 1218 -1 1216
1218 1 0 0 1168 1219 -1 1217
1219 1 0 0 1169 1220 -1 1218
1220 1 0 0 1170 1221 -1 1219
1221 1 0 0 1171 1222 -1 1220
1222 1 0 0 1172 1223 -1 1221
1223 1 0 0 1173 1224 -1 1222
1224 1 0 0 1174 1225 -1 1223
1225 1 0 0 1175 1226 -1 1224
1226 1 0 0 1176 1227 -1 1225
1227 1 0 0 1177 1228 -1 1226
1228 1 0 0 1178 1229 -1 1227
1229 1 0 0 1179 1230 -1 1228
1230 1 0 0 1180 1231 -1 1229
1231 1 0 0 1181 1232 -1 1230
1232 1 0 0 1182 1233 -1 1231
1233 1 0 0 1183 1234 -1 1232
1234 1 0 0 1184 1235 -1 1233
1235 1 0 0 1185 1236 -1 1234
1236 1 0 0 1186 1237 -1 1235
1237 1 0 0 1187 1238 -1 1236
1238 1 0 0 1188 1239 -1 1237
1239 1 0 0 1189 1240 -1 1238
1240 1 0 0 1190 1241 -1 1239
1241 1 0 0 1191 1242 -1 1240
1242 1 0 0 1192 1243 -1 1241
1243 1 0 0 1193 1244 -1 1242
1244 1 0 0 1194 1245 -1 1243
1245 1 0 0 1195 1246 -1 1244
1246 1 0 0 1196 1247 -1 1245
1247 1 0 0 1197 1248 -1 1246
1248 1 0 0 1198 1249 -1 1247
1249 1 0 0 1199 -1 -1 1248
